027410
138930
001040
000120
097950
114090
078930
007070
001060
105560
002380
033780
030200
093050
003550
034220
001120
051900
032640
011070
066570
108670
051910
006260
010120
035420
005940
010060
005490
064960
010950
034120
034730
011790
001740
096770
006120
017670
000660
005610
035250
000050
010130
002240
009290
011780
073240
000270
024110
003920
025860
002350
006280
004370
019680
008060
000210
001680
047040
069620
006650
003490
001230
005830
000640
170900
001520
049770
014820
000150
042670
034020
115390
023530
004000
004990
005300
011170
002270
204320
033920
006800
003850
003000
005180
006400
028260
032830
018260
028050
009150
005930
010140
016360
029780
000810
145990
000070
004490
001430
003030
029530
004170
055550
003410
003620
002790
090430
010780
005850
012750
078520
036570
111770
003520
000670
007310
001800
000030
014830
000100
139480
007570
020150
030000
185750
192820
120110
021240
192400
003240
036580
047050
103140
086790
000080
036460
071050
025540
002960
015760
161890
161390
000240
047810
060980
008930
128940
009240
020000
105630
014680
004710
018880
009420
003300
051600
052690
097230
000880
088350
009830
012450
000720
005440
086280
064350
079430
012330
010620
069960
012630
017800
011210
004020
009540
005380
001450
057050
008770
004800
093370
069260
000990
005250
006840
008560
026960
028670
035720
079160
079550
096760
207940
214320
251270
267250
271560
282330
285130
006360
